8bit = 1, 7bit = 1で命令 [0]が0xc以上
8bit = 1, 7bit = 0でレジスタ
8bit = 0でmediate値


pc  
     
0   mov v1,#5           1100 0000   c0      12  0         n=5
1                       1000 0001   81      8   1
2                       0000 0101   05      0   5
3   mov v2,#1           1100 0000   c0      12  0               ans=1                  
4                       1000 0010   82      8   2
5                       0000 0001   01      0   1
6   mov v3,#1           1100 0000   c0      12  0            base=1
7                       1000 0011   83      8   3
8                       0000 0001   01      0   1
9   mov v4,#1           1100 0000   c0      12  0           dec=1
10                      1000 0100   84      8   4
11                      0000 0001   01      0   1
12  cmp v3,v1           1100 0100   c4      12  4            base-n
13                      1000 0011   83      8   3
14                      1000 0001   81      8   1
15  blt 21              1100 0110   c6      12  6       base-n<0 -> pc22
16                      0001 0101   15      1   5
17  out v2              1100 1001   c9      12  9                printf(ans)
18                      1000 0010   82      8   2
19  b 29                1100 1000   c8      12  8       ->pc29 (end)
20                      0001 1101   1d      1   13
21  mul v2,v1           1100 0011   c3      12  3        ans*=n
22                      1000 0010   82      8   2
23                      1000 0001   81      8   1
24  sub v1,v4           1100 0010   c2      12  2          n-=dec
25                      1000 0001   81      8   1
26                      1000 0100   84      8   4
27  b 12                1100 1000   c8      12  8             ->pc12
28                      0000 1100   0c      0   12
29  END                 1100 0111   c7      12  7




